video alpha median momentum_threshold picture_threshold objective
/mnt/21FEB03000018194.mpg 0.02 13 2000 50 0.36
/mnt/21FEB03000018194.mpg 0.08 17 4000 30 0.36
/mnt/21FEB03000018194.mpg 0.01 17 2000 50 0.31
/mnt/21FEB03000018194.mpg 0.01 17 2000 60 0.31
/mnt/21FEB03000018194.mpg 0.02 21 2000 40 0.31
/mnt/21FEB03000018194.mpg 0.02 17 2000 50 0.31
/mnt/21FEB03000018194.mpg 0.02 21 2000 50 0.31
/mnt/21FEB03000018194.mpg 0.02 17 2000 60 0.31
/mnt/21FEB03000018194.mpg 0.04 21 2000 40 0.31
/mnt/21FEB03000018194.mpg 0.04 17 2000 50 0.31
/mnt/21FEB03000018194.mpg 0.04 13 2000 60 0.31
/mnt/21FEB03000018194.mpg 0.04 17 2000 60 0.31
/mnt/21FEB03000018194.mpg 0.08 21 2000 30 0.31
/mnt/21FEB03000018194.mpg 0.08 13 2000 50 0.31
/mnt/21FEB03000018194.mpg 0.08 17 2000 50 0.31
/mnt/21FEB03000018194.mpg 0.08 13 2000 60 0.31
/mnt/21FEB03000018194.mpg 0.01 17 4000 50 0.31
/mnt/21FEB03000018194.mpg 0.01 13 4000 60 0.31
/mnt/21FEB03000018194.mpg 0.01 17 4000 60 0.31
/mnt/21FEB03000018194.mpg 0.02 17 4000 40 0.31
/mnt/21FEB03000018194.mpg 0.02 21 4000 40 0.31
/mnt/21FEB03000018194.mpg 0.02 13 4000 50 0.31
/mnt/21FEB03000018194.mpg 0.02 13 4000 60 0.31
/mnt/21FEB03000018194.mpg 0.02 17 4000 60 0.31
/mnt/21FEB03000018194.mpg 0.04 21 4000 30 0.31
/mnt/21FEB03000018194.mpg 0.04 21 4000 40 0.31
/mnt/21FEB03000018194.mpg 0.04 17 4000 50 0.31
/mnt/21FEB03000018194.mpg 0.08 21 4000 30 0.31
/mnt/21FEB03000018194.mpg 0.08 17 4000 40 0.31
/mnt/21FEB03000018194.mpg 0.08 13 4000 50 0.31
/mnt/21FEB03000018194.mpg 0.01 13 2000 60 0.29
/mnt/21FEB03000018194.mpg 0.02 17 2000 40 0.29
/mnt/21FEB03000018194.mpg 0.02 13 2000 60 0.29
/mnt/21FEB03000018194.mpg 0.04 17 2000 40 0.29
/mnt/21FEB03000018194.mpg 0.08 17 2000 40 0.29
/mnt/21FEB03000018194.mpg 0.04 17 4000 30 0.29
/mnt/21FEB03000018194.mpg 0.01 17 2000 40 0.25
/mnt/21FEB03000018194.mpg 0.01 13 2000 50 0.25
/mnt/21FEB03000018194.mpg 0.08 17 2000 60 0.25
/mnt/21FEB03000018194.mpg 0.01 17 4000 40 0.25
/mnt/21FEB03000018194.mpg 0.01 21 4000 40 0.25
/mnt/21FEB03000018194.mpg 0.01 13 4000 50 0.25
/mnt/21FEB03000018194.mpg 0.01 9 8000 60 0.25
/mnt/21FEB03000018072.mpg 0.04 17 8000 10 0.25
/mnt/21FEB03000018194.mpg 0.01 21 2000 50 0.23
/mnt/21FEB03000018194.mpg 0.01 21 2000 60 0.23
/mnt/21FEB03000018194.mpg 0.02 21 2000 60 0.23
/mnt/21FEB03000018194.mpg 0.04 21 2000 50 0.23
/mnt/21FEB03000018194.mpg 0.08 21 2000 40 0.23
/mnt/21FEB03000018194.mpg 0.01 21 4000 50 0.23
/mnt/21FEB03000018194.mpg 0.01 21 4000 60 0.23
/mnt/21FEB03000018194.mpg 0.02 17 4000 50 0.23
/mnt/21FEB03000018194.mpg 0.02 21 4000 50 0.23
/mnt/21FEB03000018194.mpg 0.04 13 4000 50 0.23
/mnt/21FEB03000018194.mpg 0.04 21 4000 50 0.23
/mnt/21FEB03000018194.mpg 0.04 13 4000 60 0.23
/mnt/21FEB03000018194.mpg 0.04 17 4000 60 0.23
/mnt/21FEB03000018194.mpg 0.08 21 4000 40 0.23
/mnt/21FEB03000018194.mpg 0.08 17 4000 50 0.23
/mnt/21FEB03000018194.mpg 0.08 13 4000 60 0.23
/mnt/21FEB03000018194.mpg 0.01 17 8000 40 0.23
/mnt/21FEB03000018194.mpg 0.01 21 8000 40 0.23
/mnt/21FEB03000018194.mpg 0.01 13 8000 50 0.23
/mnt/21FEB03000018194.mpg 0.01 17 8000 50 0.23
/mnt/21FEB03000018194.mpg 0.01 13 8000 60 0.23
/mnt/21FEB03000018194.mpg 0.01 17 8000 60 0.23
/mnt/21FEB03000018194.mpg 0.02 17 8000 30 0.23
/mnt/21FEB03000018194.mpg 0.02 21 8000 30 0.23
/mnt/21FEB03000018194.mpg 0.02 17 8000 40 0.23
/mnt/21FEB03000018194.mpg 0.02 21 8000 40 0.23
/mnt/21FEB03000018194.mpg 0.02 13 8000 50 0.23
/mnt/21FEB03000018194.mpg 0.02 9 8000 60 0.23
/mnt/21FEB03000018194.mpg 0.04 17 8000 30 0.23
/mnt/21FEB03000018194.mpg 0.04 21 8000 30 0.23
/mnt/21FEB03000018194.mpg 0.04 13 8000 40 0.23
/mnt/21FEB03000018194.mpg 0.04 17 8000 40 0.23
/mnt/21FEB03000018194.mpg 0.04 21 8000 40 0.23
/mnt/21FEB03000018194.mpg 0.04 17 8000 50 0.23
/mnt/21FEB03000018194.mpg 0.04 9 8000 60 0.23
/mnt/21FEB03000018194.mpg 0.08 21 8000 20 0.23
/mnt/21FEB03000018194.mpg 0.08 17 8000 30 0.23
/mnt/21FEB03000018194.mpg 0.08 21 8000 30 0.23
/mnt/21FEB03000018194.mpg 0.08 13 8000 50 0.23
/mnt/21FEB03000018194.mpg 0.01 21 2000 40 0.23
/mnt/21FEB03000018124.mpg 0.04 21 4000 10 0.23
/mnt/21FEB03000018194.mpg 0.04 21 2000 30 0.22
/mnt/21FEB03000018194.mpg 0.04 13 2000 50 0.21
/mnt/21FEB03000018194.mpg 0.04 17 4000 40 0.21
/mnt/21FEB03000018124.mpg 0.02 21 2000 10 0.21
/mnt/21FEB03000018194.mpg 0.08 17 2000 30 0.21
/mnt/21FEB03000018194.mpg 0.02 9 4000 60 0.21
/mnt/21FEB03000018194.mpg 0.08 21 4000 50 0.2
/mnt/21FEB03000018194.mpg 0.01 13 8000 40 0.2
/mnt/21FEB03000018194.mpg 0.02 13 8000 40 0.2
/mnt/21FEB03000018194.mpg 0.08 17 8000 20 0.2
/mnt/21FEB03000018194.mpg 0.08 13 8000 40 0.2
/mnt/21FEB03000018194.mpg 0.08 9 8000 60 0.2
/mnt/21FEB03000018124.mpg 0.04 21 8000 10 0.2
/mnt/21FEB03000018072.mpg 0.01 17 2000 10 0.2
/mnt/21FEB03000018072.mpg 0.04 13 2000 10 0.19
/mnt/21FEB03000018124.mpg 0.04 17 2000 10 0.19
/mnt/21FEB03000018194.mpg 0.08 21 2000 50 0.18
/mnt/21FEB03000018194.mpg 0.02 21 4000 30 0.18
/mnt/21FEB03000018194.mpg 0.08 17 4000 60 0.18
/mnt/21FEB03000018072.mpg 0.04 17 4000 10 0.18
/mnt/21FEB03000018124.mpg 0.04 21 2000 10 0.18
/mnt/21FEB03000018072.mpg 0.08 21 4000 60 0.18
/mnt/21FEB03000018194.mpg 0.02 17 4000 30 0.17
/mnt/21FEB03000018124.mpg 0.08 21 8000 10 0.17
/mnt/21FEB03000018072.mpg 0.04 17 2000 10 0.17
/mnt/21FEB03000018072.mpg 0.04 13 4000 10 0.17
/mnt/21FEB03000018194.mpg 0.04 17 2000 30 0.17
/mnt/21FEB03000018072.mpg 0.08 9 4000 10 0.17
/mnt/21FEB03000018194.mpg 0.01 21 8000 30 0.17
/mnt/21FEB03000018072.mpg 0.02 9 2000 20 0.17
/mnt/21FEB03000018194.mpg 0.02 21 2000 30 0.17
/mnt/21FEB03000018194.mpg 0.04 21 4000 60 0.17
/mnt/21FEB03000018194.mpg 0.01 21 8000 60 0.17
/mnt/21FEB03000018194.mpg 0.02 21 8000 60 0.17
/mnt/21FEB03000018194.mpg 0.04 17 8000 60 0.17
/mnt/21FEB03000018194.mpg 0.08 17 8000 50 0.17
/mnt/21FEB03000018194.mpg 0.08 17 8000 60 0.17
/mnt/21FEB03000018124.mpg 0.01 17 2000 10 0.17
/mnt/21FEB03000018124.mpg 0.01 21 2000 10 0.17
/mnt/21FEB03000018124.mpg 0.01 21 4000 10 0.17
/mnt/21FEB03000018124.mpg 0.02 17 4000 10 0.17
/mnt/21FEB03000018124.mpg 0.08 17 4000 10 0.17
/mnt/21FEB03000018124.mpg 0.01 21 8000 10 0.17
/mnt/21FEB03000018124.mpg 0.02 21 8000 10 0.17
/mnt/21FEB03000018124.mpg 0.08 17 8000 10 0.17
/mnt/21FEB03000018264.mpg 0.01 21 8000 20 0.17
/mnt/21FEB03000018072.mpg 0.01 9 2000 10 0.17
/mnt/21FEB03000018072.mpg 0.02 21 2000 10 0.17
/mnt/21FEB03000018072.mpg 0.02 13 4000 10 0.17
/mnt/21FEB03000018072.mpg 0.02 21 8000 10 0.17
/mnt/21FEB03000018072.mpg 0.08 17 4000 60 0.16
/mnt/21FEB03000018072.mpg 0.04 21 8000 10 0.16
/mnt/21FEB03000018072.mpg 0.08 13 2000 10 0.16
/mnt/21FEB03000018072.mpg 0.08 17 8000 50 0.16
/mnt/21FEB03000018072.mpg 0.01 9 2000 20 0.16
/mnt/21FEB03000018072.mpg 0.01 13 8000 10 0.16
/mnt/21FEB03000018072.mpg 0.08 9 4000 50 0.16
/mnt/21FEB03000018072.mpg 0.08 13 8000 10 0.16
/mnt/21FEB03000018194.mpg 0.08 9 8000 50 0.16
/mnt/21FEB03000018194.mpg 0.04 9 4000 60 0.16
/mnt/21FEB03000018194.mpg 0.04 21 2000 60 0.15
/mnt/21FEB03000018194.mpg 0.02 21 4000 60 0.15
/mnt/21FEB03000018194.mpg 0.01 21 8000 50 0.15
/mnt/21FEB03000018194.mpg 0.02 17 8000 50 0.15
/mnt/21FEB03000018194.mpg 0.02 21 8000 50 0.15
/mnt/21FEB03000018194.mpg 0.02 13 8000 60 0.15
/mnt/21FEB03000018194.mpg 0.02 17 8000 60 0.15
/mnt/21FEB03000018194.mpg 0.04 21 8000 20 0.15
/mnt/21FEB03000018194.mpg 0.04 13 8000 50 0.15
/mnt/21FEB03000018194.mpg 0.04 21 8000 50 0.15
/mnt/21FEB03000018194.mpg 0.04 13 8000 60 0.15
/mnt/21FEB03000018194.mpg 0.08 17 8000 40 0.15
/mnt/21FEB03000018194.mpg 0.08 21 8000 40 0.15
/mnt/21FEB03000018194.mpg 0.08 13 8000 60 0.15
/mnt/21FEB03000018124.mpg 0.02 17 2000 10 0.15
/mnt/21FEB03000018124.mpg 0.02 21 4000 10 0.15
/mnt/21FEB03000018072.mpg 0.01 13 4000 10 0.15
/mnt/21FEB03000018072.mpg 0.02 21 4000 10 0.15
/mnt/21FEB03000018072.mpg 0.08 17 8000 10 0.15
/mnt/21FEB03000018072.mpg 0.01 21 8000 10 0.15
/mnt/21FEB03000018072.mpg 0.01 13 2000 30 0.15
/mnt/21FEB03000018124.mpg 0.01 13 4000 20 0.15
/mnt/21FEB03000018072.mpg 0.01 13 4000 30 0.15
/mnt/21FEB03000018072.mpg 0.02 17 2000 20 0.15
/mnt/21FEB03000018072.mpg 0.02 9 4000 30 0.15
/mnt/21FEB03000018072.mpg 0.01 21 8000 60 0.15
/mnt/21FEB03000018194.mpg 0.04 13 4000 40 0.15
/mnt/21FEB03000018072.mpg 0.04 21 8000 60 0.15
/mnt/21FEB03000018072.mpg 0.02 9 2000 30 0.14
/mnt/21FEB03000018072.mpg 0.08 13 8000 60 0.14
/mnt/21FEB03000018194.mpg 0.02 9 2000 60 0.14
/mnt/21FEB03000018194.mpg 0.08 21 2000 60 0.14
/mnt/21FEB03000018194.mpg 0.08 21 4000 20 0.14
/mnt/21FEB03000018194.mpg 0.08 21 4000 60 0.14
/mnt/21FEB03000018124.mpg 0.08 17 2000 10 0.14
/mnt/21FEB03000018072.mpg 0.01 13 2000 10 0.14
/mnt/21FEB03000018072.mpg 0.01 17 2000 30 0.14
/mnt/21FEB03000018072.mpg 0.02 9 4000 10 0.14
/mnt/21FEB03000018072.mpg 0.04 13 4000 20 0.14
/mnt/21FEB03000018072.mpg 0.01 9 8000 20 0.14
/mnt/21FEB03000018072.mpg 0.01 21 8000 50 0.14
/mnt/21FEB03000018072.mpg 0.02 13 8000 10 0.14
/mnt/21FEB03000018072.mpg 0.04 17 8000 20 0.14
/mnt/21FEB03000018072.mpg 0.04 13 8000 50 0.14
/mnt/21FEB03000018072.mpg 0.08 9 8000 10 0.14
/mnt/21FEB03000018072.mpg 0.01 17 2000 40 0.14
/mnt/21FEB03000018072.mpg 0.01 21 2000 40 0.14
/mnt/21FEB03000018072.mpg 0.01 17 4000 50 0.14
/mnt/21FEB03000018072.mpg 0.04 21 4000 20 0.14
/mnt/21FEB03000018072.mpg 0.04 13 4000 40 0.14
/mnt/21FEB03000018072.mpg 0.02 21 8000 40 0.14
/mnt/21FEB03000018072.mpg 0.02 13 8000 60 0.14
/mnt/21FEB03000018072.mpg 0.04 9 8000 60 0.14
/mnt/21FEB03000018072.mpg 0.08 13 4000 10 0.14
/mnt/21FEB03000018264.mpg 0.08 17 4000 30 0.14
/mnt/21FEB03000018072.mpg 0.08 9 2000 10 0.14
/mnt/21FEB03000018194.mpg 0.01 17 8000 30 0.14
/mnt/21FEB03000018124.mpg 0.02 13 4000 20 0.14
/mnt/21FEB03000018072.mpg 0.04 13 2000 30 0.14
/mnt/21FEB03000018072.mpg 0.08 21 2000 20 0.14
/mnt/21FEB03000018072.mpg 0.01 21 4000 50 0.14
/mnt/21FEB03000018072.mpg 0.02 17 4000 50 0.14
/mnt/21FEB03000018124.mpg 0.02 13 8000 20 0.14
/mnt/21FEB03000018264.mpg 0.02 21 2000 30 0.14
/mnt/21FEB03000018072.mpg 0.02 9 2000 10 0.14
/mnt/21FEB03000018072.mpg 0.01 13 8000 20 0.14
/mnt/21FEB03000018194.mpg 0.04 9 8000 50 0.14
/mnt/21FEB03000018124.mpg 0.04 13 8000 20 0.14
/mnt/21FEB03000018072.mpg 0.01 21 2000 60 0.14
/mnt/21FEB03000018072.mpg 0.02 17 2000 40 0.14
/mnt/21FEB03000018194.mpg 0.08 9 4000 60 0.14
/mnt/21FEB03000018072.mpg 0.01 21 4000 10 0.14
/mnt/21FEB03000018072.mpg 0.02 17 4000 10 0.14
/mnt/21FEB03000018072.mpg 0.02 17 4000 20 0.14
/mnt/21FEB03000018072.mpg 0.02 13 2000 20 0.14
/mnt/21FEB03000018124.mpg 0.08 9 4000 20 0.14
/mnt/21FEB03000018194.mpg 0.08 9 2000 60 0.13
/mnt/21FEB03000018194.mpg 0.02 21 8000 20 0.13
/mnt/21FEB03000018072.mpg 0.04 21 4000 10 0.13
/mnt/21FEB03000018072.mpg 0.01 9 8000 30 0.13
/mnt/21FEB03000018072.mpg 0.04 13 8000 10 0.13
/mnt/21FEB03000018124.mpg 0.08 9 8000 20 0.13
/mnt/21FEB03000018194.mpg 0.01 21 4000 30 0.13
/mnt/21FEB03000018072.mpg 0.01 13 8000 30 0.13
/mnt/21FEB03000018072.mpg 0.08 21 8000 50 0.13
/mnt/21FEB03000018072.mpg 0.08 21 8000 30 0.13
/mnt/21FEB03000018264.mpg 0.01 21 4000 30 0.13
/mnt/21FEB03000018072.mpg 0.04 9 2000 20 0.13
/mnt/21FEB03000018072.mpg 0.08 21 4000 20 0.13
/mnt/21FEB03000018072.mpg 0.04 17 8000 30 0.13
/mnt/21FEB03000018072.mpg 0.04 13 8000 40 0.13
/mnt/21FEB03000018072.mpg 0.04 17 8000 40 0.13
/mnt/21FEB03000018072.mpg 0.02 9 2000 40 0.13
/mnt/21FEB03000018072.mpg 0.02 13 2000 30 0.13
/mnt/21FEB03000018072.mpg 0.04 17 2000 20 0.13
/mnt/21FEB03000018072.mpg 0.01 21 4000 40 0.13
/mnt/21FEB03000018072.mpg 0.08 21 4000 10 0.13
/mnt/21FEB03000018124.mpg 0.08 13 8000 20 0.13
/mnt/21FEB03000018264.mpg 0.02 17 2000 40 0.13
/mnt/21FEB03000018072.mpg 0.02 17 2000 30 0.13
/mnt/21FEB03000018072.mpg 0.02 9 2000 50 0.13
/mnt/21FEB03000018072.mpg 0.04 21 2000 10 0.13
/mnt/21FEB03000018072.mpg 0.08 9 2000 30 0.13
/mnt/21FEB03000018072.mpg 0.01 17 4000 10 0.13
/mnt/21FEB03000018072.mpg 0.01 13 4000 20 0.13
/mnt/21FEB03000018072.mpg 0.01 13 4000 60 0.13
/mnt/21FEB03000018072.mpg 0.01 17 4000 60 0.13
/mnt/21FEB03000018072.mpg 0.02 21 4000 40 0.13
/mnt/21FEB03000018072.mpg 0.02 17 8000 10 0.13
/mnt/21FEB03000018072.mpg 0.04 9 8000 10 0.13
/mnt/21FEB03000018072.mpg 0.01 21 4000 60 0.12
/mnt/21FEB03000018264.mpg 0.01 17 2000 40 0.12
/mnt/21FEB03000018072.mpg 0.02 21 8000 50 0.12
/mnt/21FEB03000018072.mpg 0.01 21 8000 20 0.12
/mnt/21FEB03000018194.mpg 0.08 13 4000 40 0.12
/mnt/21FEB03000018072.mpg 0.01 17 4000 20 0.12
/mnt/21FEB03000018072.mpg 0.02 17 8000 20 0.12
/mnt/21FEB03000018194.mpg 0.08 13 2000 40 0.12
/mnt/21FEB03000018072.mpg 0.01 21 2000 10 0.12
/mnt/21FEB03000018072.mpg 0.01 13 2000 20 0.12
/mnt/21FEB03000018124.mpg 0.08 21 8000 60 0.12
/mnt/21FEB03000018072.mpg 0.01 21 4000 30 0.12
/mnt/21FEB03000018072.mpg 0.02 9 8000 30 0.12
/mnt/21FEB03000018124.mpg 0.02 13 2000 20 0.12
/mnt/21FEB03000018072.mpg 0.08 17 8000 60 0.12
/mnt/21FEB03000018124.mpg 0.02 9 4000 20 0.12
/mnt/21FEB03000018264.mpg 0.08 17 2000 30 0.12
/mnt/21FEB03000018072.mpg 0.04 17 8000 50 0.12
/mnt/21FEB03000018072.mpg 0.08 21 8000 10 0.12
/mnt/21FEB03000018194.mpg 0.01 17 4000 30 0.11
/mnt/21FEB03000018072.mpg 0.01 17 4000 30 0.11
/mnt/21FEB03000018072.mpg 0.01 17 4000 40 0.11
/mnt/21FEB03000018072.mpg 0.04 13 8000 20 0.11
/mnt/21FEB03000018072.mpg 0.08 13 8000 40 0.11
/mnt/21FEB03000018124.mpg 0.01 13 8000 20 0.11
/mnt/21FEB03000018264.mpg 0.01 13 2000 50 0.11
/mnt/21FEB03000018264.mpg 0.04 13 2000 50 0.11
/mnt/21FEB03000018264.mpg 0.04 17 4000 30 0.11
/mnt/21FEB03000018264.mpg 0.08 9 2000 60 0.11
/mnt/21FEB03000018072.mpg 0.04 21 2000 20 0.11
/mnt/21FEB03000018072.mpg 0.01 17 8000 50 0.11
/mnt/21FEB03000018072.mpg 0.02 17 8000 60 0.11
/mnt/21FEB03000018072.mpg 0.04 21 8000 20 0.11
/mnt/21FEB03000018072.mpg 0.04 21 8000 30 0.11
/mnt/21FEB03000018072.mpg 0.08 9 8000 20 0.11
/mnt/21FEB03000018194.mpg 0.04 13 2000 40 0.11
/mnt/21FEB03000018194.mpg 0.04 21 8000 60 0.11
/mnt/21FEB03000018194.mpg 0.08 21 8000 50 0.11
/mnt/21FEB03000018072.mpg 0.02 21 2000 30 0.11
/mnt/21FEB03000018072.mpg 0.04 9 2000 30 0.11
/mnt/21FEB03000018072.mpg 0.08 13 2000 30 0.11
/mnt/21FEB03000018072.mpg 0.01 9 4000 50 0.11
/mnt/21FEB03000018072.mpg 0.01 13 4000 50 0.11
/mnt/21FEB03000018072.mpg 0.01 9 4000 60 0.11
/mnt/21FEB03000018072.mpg 0.02 17 4000 40 0.11
/mnt/21FEB03000018072.mpg 0.02 9 4000 60 0.11
/mnt/21FEB03000018072.mpg 0.08 9 4000 30 0.11
/mnt/21FEB03000018072.mpg 0.08 9 4000 40 0.11
/mnt/21FEB03000018072.mpg 0.01 13 8000 60 0.11
/mnt/21FEB03000018072.mpg 0.02 13 8000 50 0.11
/mnt/21FEB03000018072.mpg 0.08 13 8000 20 0.11
/mnt/21FEB03000018072.mpg 0.08 9 8000 50 0.11
/mnt/21FEB03000018072.mpg 0.08 9 8000 60 0.11
/mnt/21FEB03000018264.mpg 0.02 21 4000 30 0.11
/mnt/21FEB03000018264.mpg 0.02 21 8000 20 0.11
/mnt/21FEB03000018072.mpg 0.01 21 2000 20 0.11
/mnt/21FEB03000018264.mpg 0.01 9 4000 60 0.11
/mnt/21FEB03000018264.mpg 0.02 9 4000 60 0.11
/mnt/21FEB03000018264.mpg 0.02 13 4000 40 0.11
/mnt/21FEB03000018264.mpg 0.08 9 8000 50 0.11
/mnt/21FEB03000018072.mpg 0.08 21 8000 60 0.11
/mnt/21FEB03000018264.mpg 0.01 17 4000 40 0.1
/mnt/21FEB03000018264.mpg 0.04 13 4000 50 0.1
/mnt/21FEB03000018264.mpg 0.04 13 8000 40 0.1
/mnt/21FEB03000018072.mpg 0.02 9 8000 20 0.1
/mnt/21FEB03000018194.mpg 0.02 17 8000 20 0.1
/mnt/21FEB03000018264.mpg 0.04 21 2000 30 0.1
/mnt/21FEB03000018264.mpg 0.08 21 2000 30 0.1
/mnt/21FEB03000018264.mpg 0.04 21 8000 20 0.1
/mnt/21FEB03000018264.mpg 0.08 13 4000 40 0.1
/mnt/21FEB03000018072.mpg 0.01 9 2000 40 0.1
/mnt/21FEB03000018072.mpg 0.01 13 4000 40 0.1
/mnt/21FEB03000018072.mpg 0.04 9 4000 20 0.1
/mnt/21FEB03000018124.mpg 0.01 9 2000 20 0.1
/mnt/21FEB03000018264.mpg 0.01 17 8000 30 0.1
/mnt/21FEB03000018072.mpg 0.01 9 4000 10 0.1
/mnt/21FEB03000018072.mpg 0.02 9 4000 20 0.1
/mnt/21FEB03000018072.mpg 0.01 17 8000 40 0.1
/mnt/21FEB03000018072.mpg 0.04 9 8000 50 0.1
/mnt/21FEB03000018072.mpg 0.08 21 8000 20 0.1
/mnt/21FEB03000018072.mpg 0.08 13 8000 30 0.1
/mnt/21FEB03000018072.mpg 0.02 13 4000 30 0.1
/mnt/21FEB03000018072.mpg 0.02 9 4000 40 0.1
/mnt/21FEB03000018072.mpg 0.01 21 8000 40 0.1
/mnt/21FEB03000018264.mpg 0.08 9 4000 60 0.1
/mnt/21FEB03000018264.mpg 0.02 13 8000 40 0.1
/mnt/21FEB03000018072.mpg 0.01 17 8000 20 0.1
/mnt/21FEB03000018264.mpg 0.04 9 4000 60 0.1
/mnt/21FEB03000018072.mpg 0.08 13 2000 20 0.1
/mnt/21FEB03000018072.mpg 0.08 17 2000 20 0.1
/mnt/21FEB03000018072.mpg 0.02 21 4000 30 0.1
/mnt/21FEB03000018072.mpg 0.02 13 4000 40 0.1
/mnt/21FEB03000018072.mpg 0.02 9 4000 50 0.1
/mnt/21FEB03000018072.mpg 0.04 9 4000 30 0.1
/mnt/21FEB03000018072.mpg 0.04 9 4000 50 0.1
/mnt/21FEB03000018072.mpg 0.08 13 4000 20 0.1
/mnt/21FEB03000018072.mpg 0.08 13 4000 30 0.1
/mnt/21FEB03000018072.mpg 0.08 9 8000 40 0.1
/mnt/21FEB03000018264.mpg 0.01 13 8000 40 0.1
/mnt/21FEB03000018072.mpg 0.02 13 2000 10 0.1
/mnt/21FEB03000018124.mpg 0.01 9 8000 20 0.1
/mnt/21FEB03000018072.mpg 0.04 9 4000 10 0.1
/mnt/21FEB03000018072.mpg 0.08 17 8000 30 0.1
/mnt/21FEB03000018264.mpg 0.02 13 2000 50 0.09
/mnt/21FEB03000018264.mpg 0.01 13 4000 50 0.09
/mnt/21FEB03000018264.mpg 0.02 13 4000 50 0.09
/mnt/21FEB03000018264.mpg 0.08 13 2000 40 0.09
/mnt/21FEB03000018264.mpg 0.04 21 8000 60 0.09
/mnt/21FEB03000018124.mpg 0.02 9 2000 20 0.09
/mnt/21FEB03000018264.mpg 0.04 9 8000 60 0.09
/mnt/21FEB03000018072.mpg 0.01 21 4000 20 0.09
/mnt/21FEB03000018124.mpg 0.04 9 4000 20 0.09
/mnt/21FEB03000018072.mpg 0.04 9 2000 10 0.09
/mnt/21FEB03000018072.mpg 0.01 9 4000 40 0.09
/mnt/21FEB03000018072.mpg 0.01 9 4000 30 0.09
/mnt/21FEB03000018124.mpg 0.02 9 8000 20 0.09
/mnt/21FEB03000018072.mpg 0.01 17 8000 30 0.09
/mnt/21FEB03000018072.mpg 0.01 21 8000 30 0.09
/mnt/21FEB03000018194.mpg 0.08 9 8000 40 0.09
/mnt/21FEB03000018264.mpg 0.04 17 8000 60 0.09
/mnt/21FEB03000018072.mpg 0.01 17 2000 20 0.09
/mnt/21FEB03000018072.mpg 0.01 9 2000 30 0.09
/mnt/21FEB03000018072.mpg 0.02 17 2000 10 0.09
/mnt/21FEB03000018072.mpg 0.01 13 8000 40 0.09
/mnt/21FEB03000018072.mpg 0.04 9 8000 20 0.09
/mnt/21FEB03000018124.mpg 0.04 9 8000 20 0.09
/mnt/21FEB03000018264.mpg 0.04 21 2000 60 0.09
/mnt/21FEB03000018264.mpg 0.02 21 4000 60 0.09
/mnt/21FEB03000018264.mpg 0.04 21 4000 50 0.09
/mnt/21FEB03000018264.mpg 0.04 17 4000 60 0.09
/mnt/21FEB03000018264.mpg 0.04 21 4000 60 0.09
/mnt/21FEB03000018264.mpg 0.01 17 8000 50 0.09
/mnt/21FEB03000018264.mpg 0.01 21 8000 50 0.09
/mnt/21FEB03000018264.mpg 0.01 9 8000 60 0.09
/mnt/21FEB03000018264.mpg 0.01 13 8000 60 0.09
/mnt/21FEB03000018264.mpg 0.01 17 8000 60 0.09
/mnt/21FEB03000018264.mpg 0.01 21 8000 60 0.09
/mnt/21FEB03000018264.mpg 0.02 21 8000 40 0.09
/mnt/21FEB03000018264.mpg 0.02 17 8000 50 0.09
/mnt/21FEB03000018264.mpg 0.02 21 8000 50 0.09
/mnt/21FEB03000018264.mpg 0.02 13 8000 60 0.09
/mnt/21FEB03000018264.mpg 0.02 17 8000 60 0.09
/mnt/21FEB03000018264.mpg 0.04 21 8000 40 0.09
/mnt/21FEB03000018264.mpg 0.04 17 8000 50 0.09
/mnt/21FEB03000018264.mpg 0.04 21 8000 50 0.09
/mnt/21FEB03000018264.mpg 0.04 13 8000 60 0.09
/mnt/21FEB03000018264.mpg 0.08 17 8000 50 0.09
/mnt/21FEB03000018264.mpg 0.08 9 8000 60 0.09
/mnt/21FEB03000018264.mpg 0.08 13 8000 60 0.09
/mnt/21FEB03000018072.mpg 0.02 13 4000 20 0.08
/mnt/21FEB03000018072.mpg 0.02 17 4000 30 0.08
/mnt/21FEB03000018072.mpg 0.02 21 8000 30 0.08
/mnt/21FEB03000018072.mpg 0.02 17 8000 40 0.08
/mnt/21FEB03000018264.mpg 0.01 21 2000 40 0.08
/mnt/21FEB03000018264.mpg 0.01 17 2000 50 0.08
/mnt/21FEB03000018264.mpg 0.01 21 2000 50 0.08
/mnt/21FEB03000018264.mpg 0.01 13 2000 60 0.08
/mnt/21FEB03000018264.mpg 0.01 17 2000 60 0.08
/mnt/21FEB03000018264.mpg 0.01 21 2000 60 0.08
/mnt/21FEB03000018264.mpg 0.02 21 2000 40 0.08
/mnt/21FEB03000018264.mpg 0.02 17 2000 50 0.08
/mnt/21FEB03000018264.mpg 0.02 21 2000 50 0.08
/mnt/21FEB03000018264.mpg 0.02 13 2000 60 0.08
/mnt/21FEB03000018264.mpg 0.02 17 2000 60 0.08
/mnt/21FEB03000018264.mpg 0.02 21 2000 60 0.08
/mnt/21FEB03000018264.mpg 0.04 21 2000 50 0.08
/mnt/21FEB03000018264.mpg 0.04 17 2000 60 0.08
/mnt/21FEB03000018264.mpg 0.08 21 2000 40 0.08
/mnt/21FEB03000018264.mpg 0.08 21 2000 50 0.08
/mnt/21FEB03000018264.mpg 0.08 17 2000 60 0.08
/mnt/21FEB03000018264.mpg 0.08 21 2000 60 0.08
/mnt/21FEB03000018264.mpg 0.01 21 4000 40 0.08
/mnt/21FEB03000018264.mpg 0.01 17 4000 50 0.
/mnt/21FEB03000018264.mpg 0.01 21 4000 50 0.0
/mnt/21FEB03000018264.mpg 0.01 13 4000 60 0.0
/mnt/21FEB03000018264.mpg 0.01 17 4000 60 0.
/mnt/21FEB03000018264.mpg 0.01 21 4000 60 0.08
/mnt/21FEB03000018264.mpg 0.02 17 4000 40 0.08
/mnt/21FEB03000018264.mpg 0.02 21 4000 40 0.08
/mnt/21FEB03000018264.mpg 0.02 17 4000 50 0.08
/mnt/21FEB03000018264.mpg 0.02 21 4000 50 0.08
/mnt/21FEB03000018264.mpg 0.02 13 4000 60 0.08
/mnt/21FEB03000018264.mpg 0.02 17 4000 60 0.08
/mnt/21FEB03000018264.mpg 0.04 17 4000 40 0.08
/mnt/21FEB03000018264.mpg 0.04 21 4000 40 0.08
/mnt/21FEB03000018264.mpg 0.04 17 4000 50 0.08
/mnt/21FEB03000018264.mpg 0.04 13 4000 60 0.08
/mnt/21FEB03000018264.mpg 0.08 21 4000 40 0.08
/mnt/21FEB03000018264.mpg 0.08 13 4000 50 0.08
/mnt/21FEB03000018264.mpg 0.08 17 4000 50 0.08
/mnt/21FEB03000018264.mpg 0.08 21 4000 50 0.08
/mnt/21FEB03000018264.mpg 0.08 13 4000 60 0.08
/mnt/21FEB03000018264.mpg 0.08 17 4000 60 0.08
/mnt/21FEB03000018264.mpg 0.01 21 8000 30 0.08
/mnt/21FEB03000018264.mpg 0.01 17 8000 40 0.08
/mnt/21FEB03000018264.mpg 0.01 21 8000 40 0.08
/mnt/21FEB03000018264.mpg 0.01 13 8000 50 0.08
/mnt/21FEB03000018264.mpg 0.02 17 8000 30 0.08
/mnt/21FEB03000018264.mpg 0.02 21 8000 30 0.08
/mnt/21FEB03000018264.mpg 0.02 17 8000 40 0.08
/mnt/21FEB03000018264.mpg 0.02 13 8000 50 0.08
/mnt/21FEB03000018264.mpg 0.04 17 8000 30 0.08
/mnt/21FEB03000018264.mpg 0.04 21 8000 30 0.08
/mnt/21FEB03000018264.mpg 0.04 17 8000 40 0.08
/mnt/21FEB03000018264.mpg 0.04 13 8000 50 0.08
/mnt/21FEB03000018264.mpg 0.08 17 8000 30 0.08
/mnt/21FEB03000018264.mpg 0.08 21 8000 30 0.08
/mnt/21FEB03000018264.mpg 0.08 13 8000 40 0.08
/mnt/21FEB03000018264.mpg 0.08 17 8000 40 0.08
/mnt/21FEB03000018264.mpg 0.08 21 8000 40 0.08
/mnt/21FEB03000018264.mpg 0.08 13 8000 50 0.08
/mnt/21FEB03000018072.mpg 0.04 13 4000 30 0.08
/mnt/21FEB03000018072.mpg 0.04 9 4000 40 0.08
/mnt/21FEB03000018072.mpg 0.01 17 8000 10 0.08
/mnt/21FEB03000018072.mpg 0.01 9 8000 50 0.08
/mnt/21FEB03000018072.mpg 0.01 13 8000 50 0.08
/mnt/21FEB03000018072.mpg 0.01 9 8000 60 0.08
/mnt/21FEB03000018072.mpg 0.02 13 8000 40 0.08
/mnt/21FEB03000018072.mpg 0.02 9 8000 50 0.08
/mnt/21FEB03000018072.mpg 0.02 17 8000 50 0.08
/mnt/21FEB03000018072.mpg 0.02 9 8000 60 0.08
/mnt/21FEB03000018264.mpg 0.04 17 2000 40 0.08
/mnt/21FEB03000018264.mpg 0.04 21 2000 40 0.08
/mnt/21FEB03000018264.mpg 0.04 17 2000 50 0.08
/mnt/21FEB03000018264.mpg 0.04 13 2000 60 0.08
/mnt/21FEB03000018264.mpg 0.08 17 2000 40 0.08
/mnt/21FEB03000018264.mpg 0.08 13 2000 50 0.08
/mnt/21FEB03000018264.mpg 0.08 17 2000 50 0.08
/mnt/21FEB03000018264.mpg 0.08 13 2000 60 0.08
/mnt/21FEB03000018264.mpg 0.04 21 4000 30 0.08
/mnt/21FEB03000018264.mpg 0.08 21 4000 30 0.08
/mnt/21FEB03000018264.mpg 0.08 17 4000 40 0.08
/mnt/21FEB03000018072.mpg 0.01 9 4000 20 0.08
/mnt/21FEB03000018194.mpg 0.04 9 2000 60 0.08
/mnt/21FEB03000018264.mpg 0.08 13 8000 30 0.08
/mnt/21FEB03000018072.mpg 0.01 9 8000 10 0.08
/mnt/21FEB03000018072.mpg 0.02 9 8000 10 0.08
/mnt/21FEB03000018072.mpg 0.01 9 8000 40 0.08
/mnt/21FEB03000018264.mpg 0.08 21 8000 20 0.08
/mnt/21FEB03000018072.mpg 0.02 17 8000 30 0.07
/mnt/21FEB03000018072.mpg 0.02 13 8000 30 0.07
/mnt/21FEB03000018072.mpg 0.02 9 8000 40 0.07
/mnt/21FEB03000018072.mpg 0.08 9 2000 20 0.07
/mnt/21FEB03000018072.mpg 0.08 9 4000 20 0.07
/mnt/21FEB03000018072.mpg 0.08 17 4000 20 0.07
